 25.0       0.0
 25.1     294.0
 25.6     419.8
 25.9     569.2
 26.7     718.4
 27.3     866.8
 28.4    1014.9
 29.2    1162.1
 30.6    1308.9
 31.6    1454.4
 33.2    1599.5
 34.4    1743.1
 36.3    1886.3
 37.6    2027.7
 39.0    2168.6
 41.3    2308.5
 43.7    2446.3
 45.3    2582.6
 47.9    2718.3
 49.6    2851.6
 52.4    2984.3
 54.3    3114.4
 57.2    3244.0
 59.2    3370.9
 62.3    3497.1
 64.4    3620.5
 67.6    3743.2
 69.8    3863.0
 73.1    3982.1
 75.4    4098.0
 77.7    4213.4
 81.2    4327.0
 84.8    4437.5
 87.2    4545.7
 90.8    4653.1
 93.3    4757.1
 97.0    4860.5
 99.4    4960.4
103.2    5059.6
105.7    5155.3
109.5    5250.3
112.0    5341.8
115.9    5432.5
118.4    5519.8
122.3    5606.2
124.8    5689.2
127.4    5771.4
131.3    5851.7
135.2    5928.7
137.7    6003.2
141.6    6076.8
144.1    6146.9
147.9    6216.3
150.4    6282.2
154.2    6347.4
156.7    6409.0
160.5    6470.0
163.0    6527.5
166.7    6584.4
169.1    6637.8
172.8    6690.6
175.2    6740.0
177.6    6788.7
181.1    6835.8
184.7    6879.6
187.0    6921.3
190.4    6962.2
192.7    7000.0
196.0    7037.1
198.3    7071.2
201.5    7104.6
203.7    7135.1
206.9    7164.9
209.0    7191.9
212.1    7218.2
214.1    7241.7
217.1    7264.7
219.1    7284.9
221.0    7304.6
223.9    7322.8
226.7    7338.6
228.5    7352.6
231.2    7366.1
233.0    7377.1
235.6    7387.5
237.3    7395.7
239.8    7403.3
241.4    7408.7
243.8    7413.7
245.3    7416.5
247.6    7418.9
249.1    7419.2
251.2    7419.1
252.6    7417.1
254.0    7414.7
256.0    7411.3
258.0    7406.1
259.2    7399.8
261.0    7393.0
262.2    7384.6
263.9    7375.9
265.1    7365.7
266.7    7355.1
267.7    7343.1
269.2    7330.8
270.2    7317.1
271.6    7303.2
272.5    7288.0
273.8    7272.6
274.6    7256.0
275.4    7239.2
276.6    7221.9
277.7    7203.5
278.4    7184.5
279.3    7165.3
280.0    7145.1
280.9    7124.8
281.5    7103.7
282.3    7082.5
282.8    7060.5
283.5    7038.5
283.9    7015.7
284.6    6992.9
285.0    6969.5
285.5    6946.0
285.8    6922.1
286.1    6898.0
286.6    6873.8
286.8    6849.2
287.2    6824.5
287.5    6799.5
287.6    6774.4
287.9    6749.2
288.0    6723.9
288.2    6698.5
288.2    6698.5
288.3    6647.4
288.4    6647.4
288.4    6596.2
288.4    6596.2
288.4    6544.9
288.4    6544.9
288.3    6519.3
288.2    6468.2
288.1    6442.8
288.0    6442.8
287.8    6392.3
287.6    6392.3
287.4    6342.2
287.2    6342.2
286.9    6292.7
286.7    6292.7
286.4    6243.9
286.1    6243.9
285.8    6195.9
285.5    6195.9
285.1    6148.7
284.8    6148.7
284.5    6125.5
284.1    6079.6
283.7    6079.6
283.2    6034.8
282.7    6013.0
282.4    6013.0
281.9    5970.0
281.5    5970.0
280.9    5928.2
280.6    5928.2
280.0    5887.7
279.6    5887.7
279.0    5848.5
278.6    5848.5
278.0    5810.7
277.6    5810.7
276.9    5774.2
276.5    5774.2
276.1    5756.6
275.5    5721.9
274.8    5705.3
274.4    5689.1
273.7    5673.1
273.3    5657.7
272.6    5642.4
272.2    5627.7
271.5    5613.1
271.1    5599.2
270.4    5585.3
269.9    5572.1
269.3    5559.1
268.8    5546.6
268.2    5534.2
267.7    5522.5
267.3    5510.9
266.6    5499.6
266.0    5488.9
265.6    5478.6
264.9    5468.4
264.5    5458.8
263.9    5449.4
263.4    5440.5
262.8    5431.7
262.4    5423.5
261.8    5415.5
261.4    5408.0
260.8    5400.6
260.4    5393.7
259.8    5387.0
259.4    5380.8
259.0    5374.7
258.5    5368.9
257.9    5363.6
257.5    5358.6
257.0    5353.8
256.6    5349.4
256.1    5345.2
255.8    5345.2
255.2    5337.7
254.9    5337.7
254.4    5331.4
254.1    5331.4
253.6    5326.2
253.3    5326.2
252.9    5322.0
252.6    5322.0
252.1    5318.8
251.8    5318.8
251.4    5316.5
251.1    5316.5
250.7    5315.2
250.5    5315.2
250.1    5314.7
249.8    5314.7
249.5    5315.1
249.2    5315.1
248.9    5316.2
248.7    5316.2
248.4    5318.2
248.1    5318.2
247.8    5320.8
247.6    5320.8
247.3    5324.1
247.2    5324.1
246.9    5328.0
246.7    5328.0
246.5    5332.5
246.3    5332.5
246.1    5337.5
245.9    5337.5
245.7    5343.1
245.6    5343.1
245.4    5349.1
245.2    5349.1
245.1    5355.5
244.9    5355.5
244.8    5362.4
244.7    5362.4
244.6    5365.9
244.4    5373.2
244.3    5377.0
244.2    5380.9
244.1    5384.8
244.0    5388.8
243.9    5392.8
243.9    5396.9
243.8    5401.0
243.7    5405.2
243.7    5409.4
243.6    5413.7
243.6    5418.0
243.5    5422.3
243.5    5426.6
243.4    5431.0
243.4    5435.4
243.4    5439.8
243.4    5444.2
243.4    5448.6
243.4    5453.1
243.4    5457.5
243.4    5461.9
243.4    5466.4
243.4    5470.8
243.4    5475.2
243.4    5479.6
243.4    5484.0
243.5    5488.4
243.5    5492.7
243.5    5497.0
243.5    5501.3
243.6    5505.6
243.6    5509.9
243.7    5514.1
243.7    5518.3
243.8    5522.4
243.8    5526.5
243.9    5530.6
243.9    5534.7
244.0    5538.7
244.1    5542.6
244.2    5546.5
244.2    5550.4
244.3    5554.2
244.4    5558.0
244.4    5561.7
244.5    5565.4
244.6    5569.0
244.7    5572.6
244.8    5576.1
244.8    5579.5
244.9    5582.9
245.0    5586.2
245.1    5589.5
245.2    5592.7
245.3    5595.9
245.4    5599.0
245.5    5602.0
245.5    5605.0
245.7    5607.9
245.7    5610.8
245.8    5613.6
245.9    5616.3
246.0    5619.0
246.1    5621.6
246.2    5624.1
246.3    5626.6
246.4    5629.0
246.5    5631.3
246.6    5633.7
246.7    5635.9
246.8    5638.0
246.9    5640.1
247.0    5642.2
247.0    5644.1
247.2    5646.1
247.2    5647.9
247.3    5649.7
247.4    5651.4
247.5    5653.1
247.6    5654.7
247.7    5656.3
247.8    5657.7
247.9    5659.2
248.0    5660.5
248.1    5661.8
248.1    5663.1
248.2    5664.3
248.3    5665.4
248.4    5666.5
248.5    5667.5
248.6    5668.5
248.6    5669.4
248.7    5670.3
248.8    5671.1
248.8    5671.1
248.9    5672.6
249.0    5673.3
249.1    5673.3
249.2    5674.5
249.2    5674.5
249.3    5675.5
249.4    5675.5
249.4    5676.3
249.5    5676.3
249.6    5677.0
249.6    5677.0
249.7    5677.5
249.7    5677.5
249.8    5677.8
249.9    5677.8
249.9    5677.9
250.0    5678.0
250.0    5678.0
250.1    5678.0
250.1    5677.9
250.2    5677.9
250.2    5677.6
250.3    5677.6
250.3    5677.2
250.4    5677.2
250.4    5676.7
250.4    5676.7
250.5    5676.1
250.5    5676.1
250.6    5675.4
250.6    5675.4
250.6    5675.0
250.7    5674.2
250.7    5673.7
250.7    5673.7
250.8    5672.7
250.8    5672.2
250.8    5671.7
250.8    5671.1
250.9    5670.5
250.9    5670.0
250.9    5669.4
250.9    5668.7
251.0    5668.1
251.0    5667.5
251.0    5666.8
251.0    5666.1
251.0    5665.5
251.0    5664.8
251.0    5664.1
251.1    5663.4
251.1    5662.7
251.1    5662.0
251.1    5661.2
251.1    5660.5
251.1    5659.8
251.1    5659.0
251.1    5658.3
251.1    5657.5
251.1    5656.8
251.1    5656.0
251.1    5655.3
251.1    5654.5
251.1    5653.8
251.1    5653.0
251.1    5652.3
251.1    5651.5
251.1    5650.7
251.1    5650.0
251.1    5649.2
251.1    5648.5
251.1    5647.8
251.1    5647.0
251.1    5646.3
251.1    5645.6
251.1    5644.8
251.1    5644.1
251.1    5643.4
251.1    5642.7
251.1    5642.0
251.0    5641.3
251.0    5640.6
251.0    5639.9
251.0    5639.2
251.0    5638.6
251.0    5637.9
251.0    5637.2
251.0    5636.6
251.0    5636.0
250.9    5635.3
250.9    5634.7
250.9    5634.1
250.9    5633.5
250.9    5632.9
250.9    5632.3
250.9    5631.8
250.8    5631.2
250.8    5630.6
250.8    5630.1
250.8    5629.6
250.8    5629.1
250.8    5628.5
250.7    5628.0
250.7    5627.6
250.7    5627.1
250.7    5626.6
250.7    5626.2
250.7    5625.7
250.7    5625.3
250.6    5624.8
250.6    5624.4
250.6    5624.0
250.6    5623.6
250.6    5623.2
250.6    5622.9
250.5    5622.5
250.5    5622.2
250.5    5621.8
250.5    5621.5
250.5    5621.2
250.5    5620.9
250.4    5620.6
250.4    5620.3
250.4    5620.0
250.4    5619.7
250.4    5619.5
250.4    5619.2
250.3    5619.0
250.3    5618.8
250.3    5618.6
250.3    5618.3
250.3    5618.1
250.3    5618.0
250.3    5617.8
250.3    5617.6
250.2    5617.5
250.2    5617.3
250.2    5617.2
250.2    5617.0
250.2    5616.9
250.2    5616.9
250.2    5616.7
250.1    5616.7
250.1    5616.6
250.1    5616.4
250.1    5616.4
250.1    5616.3
250.1    5616.2
250.1    5616.2
250.1    5616.1
250.1    5616.1
250.0    5616.0
250.0    5616.0
250.0    5616.0
250.0    5616.0
250.0    5616.0
250.0    5616.0
250.0    5616.0
250.0    5616.0
250.0    5616.0
250.0    5616.0
250.0    5616.0
249.9    5616.1
249.9    5616.1
249.9    5616.1
249.9    5616.2
249.9    5616.2
249.9    5616.3
249.9    5616.3
249.9    5616.4
249.9    5616.4
249.9    5616.6
249.9    5616.6
249.9    5616.7
249.9    5616.7
249.9    5616.8
249.9    5617.0
249.9    5617.1
249.9    5617.1
249.8    5617.3
249.8    5617.3
249.8    5617.5
249.8    5617.5
249.8    5617.7
249.8    5617.7
249.8    5617.9
249.8    5617.9
249.8    5618.2
249.8    5618.2
249.8    5618.4
249.8    5618.4
249.8    5618.7
249.8    5618.7
249.8    5618.8
249.8    5619.0
249.8    5619.2
249.8    5619.2
249.8    5619.4
249.8    5619.4
249.8    5619.7
249.8    5619.7
249.8    5619.9
249.8    5619.9
249.8    5620.2
249.8    5620.2
249.8    5620.5
249.8    5620.5
249.8    5620.7
249.8    5620.7
249.8    5620.8
249.8    5621.1
249.8    5621.2
249.8    5621.2
249.8    5621.5
249.8    5621.5
249.8    5621.7
249.8    5621.7
249.8    5622.0
249.8    5622.1
249.8    5622.2
249.8    5622.2
249.8    5622.5
249.8    5622.5
249.8    5622.7
249.8    5622.7
249.8    5622.8
249.8    5623.0
249.8    5623.1
249.8    5623.1
249.8    5623.3
249.8    5623.3
249.8    5623.6
249.8    5623.6
249.9    5623.8
249.9    5623.8
249.9    5624.0
249.9    5624.0
249.9    5624.1
249.9    5624.1
249.9    5624.3
249.9    5624.3
249.9    5624.4
249.9    5624.6
249.9    5624.7
249.9    5624.7
249.9    5624.8
249.9    5624.8
249.9    5625.0
249.9    5625.0
249.9    5625.1
249.9    5625.1
249.9    5625.3
249.9    5625.3
249.9    5625.4
249.9    5625.4
249.9    5625.5
249.9    5625.5
249.9    5625.6
249.9    5625.7
249.9    5625.7
249.9    5625.7
249.9    5625.8
249.9    5625.8
249.9    5625.9
249.9    5625.9
249.9    5626.0
249.9    5626.0
249.9    5626.1
249.9    5626.1
249.9    5626.2
249.9    5626.2
250.0    5626.2
250.0    5626.3
250.0    5626.3
250.0    5626.3
250.0    5626.4
250.0    5626.4
250.0    5626.4
250.0    5626.4
250.0    5626.4
250.0    5626.5
250.0    5626.5
250.0    5626.5
250.0    5626.5
250.0    5626.5
250.0    5626.5
250.0    5626.5
250.0    5626.5
250.0    5626.6
250.0    5626.6
250.0    5626.6
250.0    5626.6
250.0    5626.6
250.0    5626.6
250.0    5626.6
250.0    5626.6
250.0    5626.6
250.0    5626.6
250.0    5626.6
250.0    5626.6
250.0    5626.6
250.0    5626.6
250.0    5626.5
250.0    5626.5
250.0    5626.5
250.0    5626.5
250.0    5626.5
250.0    5626.5
250.0    5626.5
250.0    5626.5
250.0    5626.5
250.0    5626.5
250.0    5626.4
250.0    5626.4
250.0    5626.4
250.0    5626.4
250.0    5626.4
250.0    5626.4
250.0    5626.3
250.0    5626.3
250.0    5626.3
250.0    5626.3
250.0    5626.3
250.0    5626.2
250.0    5626.2
250.0    5626.2
250.0    5626.2
250.0    5626.2
250.0    5626.1
250.0    5626.1
250.0    5626.1
250.0    5626.1
250.0    5626.1
250.0    5626.0
250.0    5626.0
250.0    5626.0
250.0    5626.0
250.0    5625.9
250.0    5625.9
250.0    5625.9
250.0    5625.9
250.0    5625.9
250.0    5625.8
250.0    5625.8
250.0    5625.8
250.0    5625.8
250.0    5625.7
250.0    5625.7
250.0    5625.7
250.0    5625.7
250.0    5625.7
250.0    5625.6
250.0    5625.6
250.0    5625.6
250.0    5625.6
250.0    5625.5
250.0    5625.5
250.0    5625.5
250.0    5625.5
250.0    5625.5
250.0    5625.4
250.0    5625.4
250.0    5625.4
250.0    5625.4
250.0    5625.4
250.0    5625.3
250.0    5625.3
250.0    5625.3
250.0    5625.3
250.0    5625.3
250.0    5625.3
250.0    5625.2
250.0    5625.2
250.0    5625.2
250.0    5625.2
250.0    5625.2
250.0    5625.1
250.0    5625.1
250.0    5625.1
250.0    5625.1
250.0    5625.1
250.0    5625.1
250.0    5625.1
250.0    5625.0
250.0    5625.0
250.0    5625.0
250.0    5625.0
250.0    5625.0
250.0    5625.0
250.0    5625.0
250.0    5625.0
250.0    5624.9
250.0    5624.9
250.0    5624.9
250.0    5624.9
250.0    5624.9
250.0    5624.9
250.0    5624.9
250.0    5624.9
250.0    5624.9
250.0    5624.9
250.0    5624.9
250.0    5624.8
250.0    5624.8
250.0    5624.8
250.0    5624.8
250.0    5624.8
250.0    5624.8
250.0    5624.8
250.0    5624.8
250.0    5624.8
250.0    5624.8
250.0    5624.8
250.0    5624.8
250.0    5624.8
250.0    5624.8
250.0    5624.8
250.0    5624.8
250.0    5624.8
250.0    5624.8
250.0    5624.7
250.0    5624.7
250.0    5624.7
250.0    5624.7
250.0    5624.7
250.0    5624.7
250.0    5624.7
250.0    5624.7
250.0    5624.7
250.0    5624.7
250.0    5624.7
250.0    5624.7
250.0    5624.7
250.0    5624.7
250.0    5624.7
250.0    5624.7
250.0    5624.7
250.0    5624.7
250.0    5624.7
250.0    5624.7
250.0    5624.7
250.0    5624.7
250.0    5624.7
250.0    5624.7
250.0    5624.7
250.0    5624.7
250.0    5624.7
250.0    5624.7
250.0    5624.7
250.0    5624.7
250.0    5624.8
250.0    5624.8
250.0    5624.8
250.0    5624.8
250.0    5624.8
250.0    5624.8
250.0    5624.8
250.0    5624.8
250.0    5624.8
250.0    5624.8
250.0    5624.8
250.0    5624.8
250.0    5624.8
250.0    5624.8
250.0    5624.8
250.0    5624.8
250.0    5624.8
250.0    5624.8
250.0    5624.8
250.0    5624.8
250.0    5624.8
250.0    5624.8
250.0    5624.8
250.0    5624.8
250.0    5624.8
250.0    5624.8
250.0    5624.8
250.0    5624.8
250.0    5624.8
250.0    5624.8
250.0    5624.9
250.0    5624.9
250.0    5624.9
250.0    5624.9
250.0    5624.9
250.0    5624.9
250.0    5624.9
250.0    5624.9
250.0    5624.9
250.0    5624.9
250.0    5624.9
250.0    5624.9
250.0    5624.9
250.0    5624.9
250.0    5624.9
250.0    5624.9
250.0    5624.9
250.0    5624.9
250.0    5624.9
250.0    5624.9
250.0    5624.9
250.0    5624.9
250.0    5624.9
250.0    5624.9
250.0    5624.9
250.0    5624.9
250.0    5624.9
250.0    5625.0
250.0    5625.0
250.0    5625.0
250.0    5625.0
250.0    5625.0
250.0    5625.0
250.0    5625.0
250.0    5625.0
250.0    5625.0
250.0    5625.0
250.0    5625.0
250.0    5625.0
250.0    5625.0
250.0    5625.0
250.0    5625.0
250.0    5625.0
250.0    5625.0
250.0    5625.0
250.0    5625.0
250.0    5625.0
250.0    5625.0
250.0    5625.0
250.0    5625.0
250.0    5625.0
250.0    5625.0
250.0    5625.0
250.0    5625.0
250.0    5625.0
250.0    5625.0
250.0    5625.0
250.0    5625.0
250.0    5625.0
250.0    5625.0
250.0    5625.0
250.0    5625.0
250.0    5625.0
250.0    5625.0
250.0    5625.0
250.0    5625.0
250.0    5625.0
