 25.0       0.0
 25.0       0.0
 25.1     135.0
 25.3     135.0
 25.4     172.4
 25.6     247.3
 25.9     284.6
 26.1     284.6
 26.5     359.1
 26.8     359.1
 27.2     433.4
 27.5     433.4
 28.0     507.4
 28.3     507.4
 28.9     581.1
 29.3     581.1
 29.9     654.5
 30.3     654.5
 31.0     727.5
 31.5     727.5
 31.9     763.8
 32.7     836.3
 33.5     872.3
 34.0     872.3
 34.8     944.1
 35.4     944.1
 36.3    1015.3
 36.8    1015.3
 37.8    1086.1
 38.4    1086.1
 39.3    1156.3
 39.9    1156.3
 40.9    1226.0
 41.6    1226.0
 42.6    1295.2
 43.3    1295.2
 44.0    1329.4
 45.1    1397.9
 46.1    1431.7
 46.9    1431.7
 48.0    1499.1
 48.7    1499.1
 49.8    1565.8
 50.6    1565.8
 51.7    1631.9
 52.5    1631.9
 53.7    1697.4
 54.5    1697.4
 55.6    1762.2
 56.4    1762.2
 57.6    1826.3
 58.5    1826.3
 59.3    1858.0
 60.5    1921.3
 61.7    1952.5
 62.6    1952.5
 63.8    2014.6
 64.7    2014.6
 65.9    2076.0
 66.8    2076.0
 68.0    2136.6
 68.9    2136.6
 70.2    2196.6
 71.0    2196.6
 72.3    2255.8
 73.2    2255.8
 74.4    2314.4
 75.3    2314.4
 76.2    2343.2
 77.5    2400.9
 78.3    2400.9
 79.7    2457.7
 81.0    2485.7
 81.8    2485.7
 83.1    2541.3
 84.0    2541.3
 85.3    2596.2
 86.2    2596.2
 87.5    2650.4
 88.4    2650.4
 89.7    2703.8
 90.5    2703.8
 91.8    2756.6
 92.7    2756.6
 93.6    2782.5
 94.9    2834.4
 95.8    2834.4
 97.1    2885.4
 98.4    2910.5
 99.2    2910.5
100.5    2960.3
101.4    2960.3
102.6    3009.5
103.5    3009.5
104.8    3057.9
105.6    3057.9
106.9    3105.6
107.7    3105.6
109.0    3152.6
109.9    3152.6
110.7    3175.7
112.0    3221.9
112.8    3221.9
114.0    3267.2
115.3    3289.4
116.1    3289.4
117.3    3333.7
118.2    3333.7
119.4    3377.2
120.2    3377.2
121.4    3420.1
122.2    3420.1
123.4    3462.3
124.2    3462.3
125.4    3503.8
126.2    3503.8
127.4    3544.7
128.2    3544.7
129.0    3564.7
130.2    3604.8
131.3    3624.5
132.1    3624.5
133.2    3663.4
134.0    3663.4
135.2    3701.7
135.9    3701.7
137.0    3739.3
137.8    3739.3
138.9    3776.4
139.7    3776.4
140.8    3812.8
141.5    3812.8
142.6    3848.6
143.3    3848.6
144.0    3866.2
145.1    3901.2
146.2    3918.4
146.9    3918.4
148.0    3952.4
148.7    3952.4
149.7    3985.9
150.4    3985.9
151.4    4018.7
152.1    4018.7
153.1    4051.0
153.8    4051.0
154.8    4082.7
155.5    4082.7
156.5    4113.9
157.2    4113.9
157.8    4129.2
158.8    4159.7
159.8    4174.6
160.4    4174.6
161.4    4204.2
162.0    4204.2
163.0    4233.2
163.6    4233.2
164.5    4261.7
165.1    4261.7
166.1    4289.7
166.7    4289.7
167.6    4317.1
168.2    4317.1
169.1    4344.1
169.7    4344.1
170.3    4357.3
171.1    4383.7
172.0    4396.6
172.6    4396.6
173.4    4422.1
174.0    4422.1
174.9    4447.2
175.4    4447.2
176.2    4471.8
176.8    4471.8
177.6    4495.9
178.2    4495.9
179.0    4519.6
179.5    4519.6
180.3    4542.8
180.8    4542.8
181.4    4554.2
182.1    4576.9
182.9    4588.0
183.4    4588.0
184.2    4609.9
184.7    4609.9
185.4    4631.4
185.9    4631.4
186.7    4652.5
187.2    4652.5
187.9    4673.2
188.4    4673.2
189.1    4693.5
189.6    4693.5
190.3    4713.5
190.7    4713.5
191.2    4723.2
191.9    4742.7
192.6    4752.1
193.0    4752.1
193.7    4770.9
194.1    4770.9
194.8    4789.4
195.2    4789.4
195.9    4807.4
196.3    4807.4
196.9    4825.1
197.3    4825.1
198.0    4842.4
198.4    4842.4
199.0    4859.4
199.4    4859.4
199.8    4867.7
200.4    4884.3
201.0    4892.4
201.4    4892.4
202.0    4908.4
202.4    4908.4
202.9    4924.1
203.3    4924.1
203.9    4939.5
204.3    4939.5
204.8    4954.6
205.2    4954.6
205.7    4969.3
206.1    4969.3
206.6    4983.8
207.0    4983.8
207.3    4990.8
207.9    5004.9
208.4    5011.8
208.7    5011.8
209.2    5025.4
209.6    5025.4
210.1    5038.7
210.4    5038.7
210.9    5051.8
211.2    5051.8
211.7    5064.5
212.0    5064.5
212.5    5077.1
212.8    5077.1
213.2    5089.3
213.5    5089.3
213.9    5095.3
214.3    5107.2
214.8    5113.1
215.0    5113.1
215.5    5124.6
215.8    5124.6
216.2    5135.8
216.5    5135.8
216.9    5146.9
217.2    5146.9
217.6    5157.7
217.9    5157.7
218.3    5168.2
218.6    5168.2
219.0    5178.6
219.2    5178.6
219.5    5183.6
219.9    5193.7
220.3    5198.6
220.5    5198.6
220.9    5208.4
221.1    5208.4
221.5    5217.9
221.7    5217.9
222.1    5227.1
222.3    5227.1
222.7    5236.2
222.9    5236.2
223.3    5245.2
223.5    5245.2
223.9    5253.9
224.1    5253.9
224.3    5258.1
224.6    5266.6
225.0    5270.7
225.2    5270.7
225.5    5278.9
225.7    5278.9
226.0    5286.9
226.2    5286.9
226.6    5294.7
226.8    5294.7
227.1    5302.4
227.3    5302.4
227.6    5309.8
227.8    5309.8
228.0    5317.2
228.2    5317.2
228.4    5320.7
228.7    5327.9
229.0    5331.3
229.2    5331.3
229.5    5338.2
229.6    5338.2
229.9    5344.9
230.1    5344.9
230.3    5351.4
230.5    5351.4
230.8    5357.8
230.9    5357.8
231.2    5364.1
231.4    5364.1
231.6    5370.2
231.8    5370.2
231.9    5373.2
232.2    5379.2
232.4    5382.1
232.6    5382.1
232.8    5387.8
233.0    5387.8
233.2    5393.4
233.3    5393.4
233.6    5398.9
233.7    5398.9
233.9    5404.3
234.1    5404.3
234.3    5409.5
234.4    5409.5
234.6    5414.6
234.8    5414.6
234.9    5417.1
235.1    5422.1
235.3    5424.5
235.5    5424.5
235.7    5429.3
235.8    5429.3
236.0    5434.0
236.1    5434.0
236.3    5438.5
236.4    5438.5
236.6    5443.0
236.7    5443.0
236.9    5447.4
237.0    5447.4
237.2    5451.6
237.3    5451.6
237.4    5453.7
237.6    5457.9
237.8    5459.9
237.9    5459.9
238.1    5463.9
238.2    5463.9
238.3    5467.8
238.4    5467.8
238.6    5471.6
238.7    5471.6
238.9    5475.3
239.0    5475.3
239.1    5478.9
239.2    5478.9
239.4    5482.4
239.5    5482.4
239.6    5484.2
239.7    5487.6
239.8    5489.3
239.9    5489.3
240.1    5492.6
240.2    5492.6
240.3    5495.8
240.4    5495.8
240.5    5499.0
240.6    5499.0
240.8    5502.1
240.8    5502.1
241.0    5505.1
241.1    5505.1
241.2    5508.0
241.3    5508.0
241.3    5509.4
241.5    5512.3
241.5    5512.3
241.7    5515.1
241.8    5516.4
241.9    5516.4
242.0    5519.1
242.1    5519.1
242.2    5521.7
242.2    5521.7
242.3    5524.3
242.4    5524.3
242.5    5526.8
242.6    5526.8
242.7    5529.2
242.8    5529.2
242.9    5531.6
242.9    5531.6
243.0    5532.7
243.1    5535.0
243.2    5536.2
243.3    5536.2
243.4    5538.4
243.4    5538.4
243.5    5540.5
243.6    5540.5
243.7    5542.6
243.7    5542.6
243.8    5544.7
243.9    5544.7
244.0    5546.7
244.0    5546.7
244.1    5548.7
244.2    5548.7
244.2    5549.6
244.3    5551.5
244.4    5552.5
244.4    5552.5
244.5    5554.3
244.6    5554.3
244.7    5556.1
244.7    5556.1
244.8    5557.8
244.8    5557.8
244.9    5559.5
245.0    5559.5
245.0    5561.1
245.1    5561.1
245.2    5562.8
245.2    5562.8
245.2    5563.5
245.3    5565.1
245.4    5565.9
245.4    5565.9
245.5    5567.4
245.5    5567.4
245.6    5568.8
245.6    5568.8
245.7    5570.3
245.8    5570.3
245.8    5571.7
245.9    5571.7
245.9    5572.3
246.0    5573.7
246.0    5574.4
246.1    5574.4
246.1    5575.0
246.2    5576.3
246.2    5576.9
246.2    5576.9
246.3    5578.2
246.3    5578.2
246.4    5579.4
246.4    5579.4
246.5    5580.5
246.5    5580.5
246.6    5581.7
246.6    5581.7
246.7    5582.8
246.7    5582.8
246.7    5583.9
246.8    5583.9
246.8    5584.4
246.8    5585.5
246.9    5586.0
246.9    5586.0
247.0    5587.0
247.0    5587.0
247.0    5588.0
247.1    5588.0
247.1    5588.9
247.1    5588.9
247.2    5589.9
247.2    5589.9
247.3    5590.8
247.3    5590.8
247.3    5591.7
247.4    5591.7
247.4    5592.1
247.4    5593.0
247.5    5593.4
247.5    5593.4
247.5    5594.2
247.5    5594.2
247.6    5595.0
247.6    5595.0
247.6    5595.8
247.7    5595.8
247.7    5596.6
247.7    5596.6
247.8    5597.3
247.8    5597.3
247.8    5598.1
247.8    5598.1
247.9    5598.4
247.9    5599.1
247.9    5599.5
247.9    5599.5
248.0    5600.1
248.0    5600.1
248.0    5600.8
248.0    5600.8
248.1    5601.4
248.1    5601.4
248.1    5602.1
248.1    5602.1
248.2    5602.7
248.2    5602.7
248.2    5603.3
248.2    5603.3
248.3    5603.5
248.3    5604.1
248.3    5604.4
248.3    5604.4
248.4    5605.0
248.4    5605.0
248.4    5605.5
248.4    5605.5
248.4    5606.0
248.4    5606.0
248.5    5606.5
248.5    5606.5
248.5    5607.0
248.5    5607.0
248.6    5607.5
248.6    5607.5
248.6    5607.7
248.6    5608.2
248.6    5608.4
248.6    5608.4
248.7    5608.9
248.7    5608.9
248.7    5609.3
248.7    5609.3
248.7    5609.7
248.7    5609.7
248.8    5610.1
248.8    5610.1
248.8    5610.5
248.8    5610.5
248.8    5610.9
248.8    5610.9
248.8    5611.1
248.9    5611.5
248.9    5611.7
248.9    5611.7
248.9    5612.1
248.9    5612.1
248.9    5612.4
249.0    5612.4
249.0    5612.8
249.0    5612.8
249.0    5613.1
249.0    5613.1
249.0    5613.4
249.0    5613.4
249.0    5613.7
249.1    5613.7
249.1    5613.9
249.1    5614.2
249.1    5614.3
249.1    5614.3
249.1    5614.6
249.1    5614.6
249.1    5614.9
249.2    5614.9
249.2    5615.1
249.2    5615.2
249.2    5615.3
249.2    5615.5
249.2    5615.6
249.2    5615.7
249.2    5615.9
249.2    5616.0
249.2    5616.1
249.3    5616.2
249.3    5616.4
249.3    5616.5
249.3    5616.6
249.3    5616.7
249.3    5616.8
249.3    5617.0
249.3    5617.1
249.3    5617.2
249.3    5617.3
249.4    5617.4
249.4    5617.5
249.4    5617.6
249.4    5617.7
249.4    5617.8
249.4    5617.9
249.4    5618.0
249.4    5618.1
249.4    5618.2
249.4    5618.3
249.4    5618.4
249.4    5618.5
249.4    5618.6
249.5    5618.7
249.5    5618.8
249.5    5618.9
249.5    5619.0
249.5    5619.0
249.5    5619.1
249.5    5619.2
249.5    5619.3
249.5    5619.4
249.5    5619.5
249.5    5619.5
249.5    5619.6
249.5    5619.7
249.5    5619.8
249.6    5619.8
249.6    5619.9
249.6    5620.0
249.6    5620.1
249.6    5620.1
249.6    5620.2
249.6    5620.3
249.6    5620.3
249.6    5620.4
249.6    5620.5
249.6    5620.5
249.6    5620.6
249.6    5620.7
249.6    5620.7
249.6    5620.8
249.6    5620.9
249.6    5620.9
249.6    5621.0
249.6    5621.0
249.7    5621.1
249.7    5621.2
249.7    5621.2
249.7    5621.3
249.7    5621.3
249.7    5621.4
249.7    5621.4
249.7    5621.5
249.7    5621.5
249.7    5621.6
249.7    5621.6
249.7    5621.7
249.7    5621.7
249.7    5621.8
249.7    5621.8
249.7    5621.9
249.7    5621.9
249.7    5622.0
249.7    5622.0
249.7    5622.1
249.7    5622.1
249.7    5622.1
249.7    5622.2
249.7    5622.2
249.8    5622.3
249.8    5622.3
249.8    5622.4
249.8    5622.4
249.8    5622.4
249.8    5622.5
249.8    5622.5
249.8    5622.5
249.8    5622.6
249.8    5622.6
249.8    5622.7
249.8    5622.7
249.8    5622.7
249.8    5622.8
249.8    5622.8
249.8    5622.8
249.8    5622.9
249.8    5622.9
249.8    5622.9
249.8    5623.0
249.8    5623.0
249.8    5623.0
249.8    5623.1
249.8    5623.1
249.8    5623.1
249.8    5623.1
249.8    5623.2
249.8    5623.2
249.8    5623.2
249.8    5623.3
249.8    5623.3
249.8    5623.3
249.8    5623.3
249.8    5623.4
249.8    5623.4
249.9    5623.4
249.9    5623.4
249.9    5623.5
249.9    5623.5
249.9    5623.5
249.9    5623.5
249.9    5623.6
249.9    5623.6
249.9    5623.6
249.9    5623.6
249.9    5623.6
249.9    5623.7
249.9    5623.7
249.9    5623.7
249.9    5623.7
249.9    5623.7
249.9    5623.8
249.9    5623.8
249.9    5623.8
249.9    5623.8
249.9    5623.8
249.9    5623.9
249.9    5623.9
249.9    5623.9
249.9    5623.9
249.9    5623.9
249.9    5623.9
249.9    5624.0
249.9    5624.0
249.9    5624.0
249.9    5624.0
249.9    5624.0
249.9    5624.0
249.9    5624.1
249.9    5624.1
249.9    5624.1
249.9    5624.1
249.9    5624.1
249.9    5624.1
249.9    5624.2
249.9    5624.2
249.9    5624.2
249.9    5624.2
249.9    5624.2
249.9    5624.2
249.9    5624.2
249.9    5624.2
249.9    5624.3
249.9    5624.3
249.9    5624.3
249.9    5624.3
249.9    5624.3
249.9    5624.3
249.9    5624.3
249.9    5624.3
249.9    5624.4
249.9    5624.4
249.9    5624.4
249.9    5624.4
249.9    5624.4
249.9    5624.4
249.9    5624.4
249.9    5624.4
249.9    5624.4
249.9    5624.4
249.9    5624.5
249.9    5624.5
249.9    5624.5
249.9    5624.5
249.9    5624.5
249.9    5624.5
249.9    5624.5
249.9    5624.5
249.9    5624.5
250.0    5624.5
250.0    5624.5
250.0    5624.5
250.0    5624.6
250.0    5624.6
250.0    5624.6
250.0    5624.6
250.0    5624.6
250.0    5624.6
250.0    5624.6
250.0    5624.6
250.0    5624.6
250.0    5624.6
250.0    5624.6
250.0    5624.6
250.0    5624.6
250.0    5624.6
250.0    5624.7
250.0    5624.7
250.0    5624.7
250.0    5624.7
250.0    5624.7
250.0    5624.7
250.0    5624.7
250.0    5624.7
250.0    5624.7
250.0    5624.7
250.0    5624.7
250.0    5624.7
250.0    5624.7
250.0    5624.7
250.0    5624.7
250.0    5624.7
250.0    5624.7
250.0    5624.7
250.0    5624.8
250.0    5624.8
250.0    5624.8
250.0    5624.8
250.0    5624.8
250.0    5624.8
250.0    5624.8
250.0    5624.8
250.0    5624.8
250.0    5624.8
250.0    5624.8
250.0    5624.8
250.0    5624.8
250.0    5624.8
250.0    5624.8
250.0    5624.8
250.0    5624.8
250.0    5624.8
250.0    5624.8
250.0    5624.8
250.0    5624.8
250.0    5624.8
250.0    5624.8
250.0    5624.8
250.0    5624.8
250.0    5624.8
250.0    5624.9
250.0    5624.9
250.0    5624.9
250.0    5624.9
250.0    5624.9
250.0    5624.9
250.0    5624.9
250.0    5624.9
250.0    5624.9
250.0    5624.9
250.0    5624.9
250.0    5624.9
250.0    5624.9
250.0    5624.9
250.0    5624.9
250.0    5624.9
250.0    5624.9
250.0    5624.9
250.0    5624.9
250.0    5624.9
250.0    5624.9
250.0    5624.9
250.0    5624.9
250.0    5624.9
250.0    5624.9
250.0    5624.9
250.0    5624.9
250.0    5624.9
250.0    5624.9
250.0    5624.9
250.0    5624.9
250.0    5624.9
250.0    5624.9
250.0    5624.9
250.0    5624.9
250.0    5624.9
250.0    5624.9
250.0    5624.9
250.0    5624.9
250.0    5624.9
250.0    5624.9
250.0    5624.9
250.0    5624.9
250.0    5624.9
250.0    5624.9
250.0    5624.9
250.0    5624.9
250.0    5624.9
250.0    5624.9
250.0    5625.0
250.0    5625.0
250.0    5625.0
250.0    5625.0
250.0    5625.0
250.0    5625.0
250.0    5625.0
250.0    5625.0
250.0    5625.0
250.0    5625.0
250.0    5625.0
250.0    5625.0
250.0    5625.0
250.0    5625.0
250.0    5625.0
250.0    5625.0
250.0    5625.0
250.0    5625.0
250.0    5625.0
250.0    5625.0
250.0    5625.0
250.0    5625.0
250.0    5625.0
250.0    5625.0
250.0    5625.0
250.0    5625.0
250.0    5625.0
250.0    5625.0
250.0    5625.0
250.0    5625.0
250.0    5625.0
250.0    5625.0
