 25.0       0.0
 25.0       0.0
 25.1      80.7
 25.1      73.3
 25.2      90.0
 25.3     106.6
 25.4     123.3
 25.5     139.9
 25.7     156.5
 25.8     173.1
 26.0     189.7
 26.2     206.3
 26.4     222.8
 26.5     239.4
 26.7     255.9
 27.0     272.4
 27.3     288.9
 27.5     305.4
 27.8     321.8
 28.0     338.3
 28.3     354.7
 28.5     371.1
 28.9     387.5
 29.1     403.8
 29.5     420.1
 29.8     436.5
 30.1     452.7
 30.4     469.0
 30.8     485.2
 31.1     501.4
 31.4     517.6
 31.8     533.8
 32.3     549.9
 32.6     566.0
 33.0     582.0
 33.4     598.1
 33.8     614.1
 34.2     630.1
 34.7     646.0
 35.0     661.9
 35.5     677.8
 35.8     693.7
 36.3     709.4
 36.7     725.3
 37.2     741.0
 37.6     756.7
 37.9     772.4
 38.5     788.1
 39.0     803.7
 39.4     819.3
 40.0     834.8
 40.4     850.3
 40.9     865.8
 41.3     881.3
 41.9     896.6
 42.3     912.0
 42.9     927.3
 43.2     942.7
 43.8     957.9
 44.2     973.2
 44.8     988.3
 45.2    1003.5
 45.6    1018.6
 46.2    1033.7
 46.9    1048.7
 47.3    1063.7
 47.9    1078.6
 48.3    1093.6
 48.9    1108.5
 49.3    1123.3
 50.0    1138.1
 50.4    1152.9
 51.0    1167.6
 51.4    1182.3
 52.1    1196.9
 52.5    1211.6
 53.1    1226.1
 53.6    1240.7
 54.0    1255.1
 54.6    1269.6
 55.3    1284.1
 55.7    1298.4
 56.3    1312.7
 56.8    1327.1
 57.4    1341.3
 57.9    1355.5
 58.5    1369.7
 58.9    1383.8
 59.6    1397.9
 60.0    1412.0
 60.7    1426.0
 61.1    1440.0
 61.8    1453.9
 62.2    1467.8
 62.6    1481.6
 63.3    1495.5
 63.9    1509.3
 64.4    1523.0
 65.0    1536.6
 65.5    1550.3
 66.1    1563.9
 66.5    1577.5
 67.2    1591.0
 67.6    1604.5
 68.3    1617.9
 68.7    1631.4
 69.4    1644.7
 69.8    1658.1
 70.5    1671.3
 70.9    1684.6
 71.3    1697.8
 72.0    1711.0
 72.4    1724.1
 73.1    1737.2
 73.7    1750.3
 74.2    1763.2
 74.8    1776.2
 75.2    1789.2
 75.9    1802.0
 76.3    1814.9
 77.0    1827.7
 77.4    1840.5
 78.0    1853.1
 78.5    1865.9
 79.1    1878.5
 79.5    1891.1
 80.2    1903.7
 80.6    1916.2
 81.0    1928.7
 81.6    1941.2
 82.3    1953.6
 82.7    1965.9
 83.3    1978.3
 83.8    1990.6
 84.4    2002.8
 84.8    2015.1
 85.4    2027.2
 85.9    2039.4
 86.5    2051.4
 86.9    2063.5
 87.5    2075.5
 87.9    2087.6
 88.6    2099.5
 89.0    2111.4
 89.4    2123.2
 90.0    2135.1
 90.6    2146.9
 91.0    2158.7
 91.7    2170.3
 92.1    2182.1
 92.7    2193.7
 93.1    2205.3
 93.7    2216.8
 94.1    2228.4
 94.7    2239.9
 95.1    2251.4
 95.7    2262.7
 96.1    2274.2
 96.7    2285.5
 97.1    2296.8
 97.5    2308.0
 98.1    2319.3
 98.7    2330.5
 99.1    2341.7
 99.7    2352.8
100.1    2363.9
100.7    2374.9
101.1    2385.9
101.7    2396.9
102.0    2407.9
102.6    2418.7
103.0    2429.6
103.6    2440.4
104.0    2451.3
104.6    2462.0
104.9    2472.8
105.3    2483.4
105.9    2494.1
106.5    2504.8
106.8    2515.3
107.4    2525.8
107.8    2536.4
108.4    2546.8
108.7    2557.3
109.3    2567.7
109.7    2578.1
110.2    2588.4
110.6    2598.8
111.1    2609.0
111.5    2619.3
112.1    2629.5
112.4    2639.7
112.8    2649.8
113.4    2659.9
113.9    2670.0
114.3    2680.0
114.8    2690.0
115.2    2700.0
115.7    2709.9
116.1    2719.8
116.6    2729.7
117.0    2739.6
117.5    2749.3
117.8    2759.1
118.4    2768.8
118.7    2778.6
119.2    2788.2
119.6    2797.9
119.9    2797.9
120.4    2817.1
121.0    2826.7
121.3    2836.2
121.8    2845.6
122.2    2855.1
122.7    2864.5
123.0    2873.9
123.5    2883.2
123.9    2892.6
124.4    2901.9
124.7    2911.2
125.2    2920.4
125.5    2929.6
126.0    2938.8
126.4    2947.9
126.7    2947.9
127.2    2966.1
127.7    2975.2
128.0    2984.2
128.5    2993.2
128.8    3002.2
129.3    3011.1
129.6    3020.0
130.1    3028.8
130.4    3037.7
130.9    3046.5
131.2    3055.3
131.7    3064.0
132.0    3072.8
132.5    3081.4
132.8    3090.1
133.3    3098.7
133.6    3107.4
134.1    3115.9
134.4    3124.5
134.9    3133.0
135.2    3141.5
135.6    3149.9
136.0    3158.4
136.4    3166.8
136.7    3175.2
137.2    3183.5
137.5    3191.8
137.9    3200.1
138.2    3208.4
138.7    3216.6
139.0    3224.8
139.3    3224.8
139.7    3241.2
140.2    3249.3
140.5    3257.4
140.9    3265.4
141.2    3273.5
141.7    3281.5
142.0    3289.5
142.4    3297.5
142.7    3305.4
143.1    3313.3
143.4    3321.2
143.8    3329.0
144.1    3336.9
144.6    3344.7
144.9    3352.5
145.1    3352.5
145.6    3367.9
145.8    3375.7
146.3    3383.3
146.7    3391.0
147.0    3398.6
147.4    3406.2
147.7    3413.8
148.1    3421.3
148.4    3428.8
148.8    3436.3
149.1    3443.8
149.5    3451.2
149.7    3458.6
150.1    3466.0
150.4    3473.4
150.8    3480.7
151.1    3488.0
151.5    3495.3
151.8    3502.6
152.2    3509.8
152.4    3517.0
152.8    3524.2
153.1    3531.4
153.5    3538.5
153.7    3545.7
154.1    3552.7
154.4    3559.8
154.8    3566.8
155.0    3573.9
155.4    3580.9
155.7    3587.9
155.9    3587.9
156.3    3601.7
156.7    3608.7
157.0    3615.5
157.3    3622.4
157.6    3629.2
158.0    3636.0
158.2    3642.8
158.6    3649.5
158.8    3656.3
159.2    3663.0
159.5    3669.7
159.8    3676.4
160.1    3683.0
160.4    3689.6
160.7    3696.3
161.1    3702.8
161.3    3709.4
161.7    3715.9
161.9    3722.5
162.3    3728.9
162.5    3735.4
162.9    3741.9
163.1    3748.3
163.4    3754.7
163.7    3761.1
164.0    3767.4
164.3    3773.8
164.6    3780.1
164.9    3786.4
165.2    3792.7
165.4    3798.9
165.8    3805.1
166.0    3811.4
166.3    3817.6
166.6    3823.7
166.9    3829.9
167.1    3836.0
167.5    3842.1
167.7    3848.2
168.0    3854.3
168.3    3860.3
168.6    3866.3
168.8    3872.3
169.2    3878.3
169.4    3884.3
169.7    3890.2
169.9    3896.2
170.1    3896.2
170.5    3907.9
170.8    3913.8
171.0    3919.6
171.3    3925.4
171.5    3931.3
171.9    3937.0
172.1    3942.8
172.4    3948.5
172.6    3954.3
172.9    3960.0
173.1    3965.7
173.5    3971.3
173.7    3977.0
174.0    3982.6
174.2    3988.2
174.4    3988.2
174.7    3999.4
174.9    4004.9
175.2    4010.4
175.5    4016.0
175.7    4021.4
176.0    4026.9
176.2    4032.4
176.5    4037.8
176.7    4043.2
177.0    4048.6
177.2    4054.0
177.5    4059.4
177.7    4064.7
178.0    4070.0
178.2    4075.4
178.5    4080.6
178.7    4085.9
179.0    4091.2
179.2    4096.4
179.5    4101.6
179.7    4106.8
180.0    4112.0
180.2    4117.2
180.4    4122.3
180.6    4127.5
180.9    4132.6
181.1    4137.7
181.4    4142.7
181.6    4147.8
181.8    4152.8
182.0    4157.9
182.2    4157.9
182.5    4167.9
182.7    4172.9
183.0    4177.8
183.2    4182.8
183.4    4187.7
183.7    4192.6
183.9    4197.5
184.1    4202.3
184.3    4207.2
184.6    4212.0
184.8    4216.9
185.0    4221.7
185.2    4226.5
185.5    4231.2
185.7    4236.0
185.8    4236.0
186.1    4245.5
186.3    4250.2
186.5    4254.9
186.8    4259.6
187.0    4264.2
187.2    4268.9
187.4    4273.5
187.6    4278.1
187.8    4282.7
188.1    4287.3
188.2    4291.9
188.5    4296.4
188.7    4300.9
188.9    4305.5
189.1    4310.0
189.3    4314.4
189.5    4318.9
189.7    4318.9
189.9    4327.8
190.2    4332.3
190.3    4336.7
190.6    4341.1
190.7    4345.5
191.0    4349.8
191.1    4354.2
191.4    4358.5
191.5    4362.9
191.8    4367.1
191.9    4371.5
192.2    4375.7
192.3    4380.0
192.6    4384.2
192.7    4388.5
192.9    4388.5
193.1    4396.9
193.3    4401.1
193.5    4405.3
193.7    4409.4
193.9    4413.6
194.1    4417.7
194.3    4421.9
194.5    4426.0
194.6    4430.1
194.9    4434.1
195.0    4438.2
195.2    4442.2
195.4    4446.3
195.6    4450.3
195.8    4454.3
195.9    4454.3
196.1    4462.3
196.4    4466.3
196.5    4470.2
196.7    4474.2
196.9    4478.1
197.1    4482.0
197.2    4485.9
197.4    4489.8
197.6    4493.7
197.8    4497.5
197.9    4501.4
198.2    4505.2
198.3    4509.1
198.5    4512.9
198.7    4516.7
198.8    4516.7
199.0    4524.2
199.2    4528.0
199.4    4531.7
199.6    4535.5
199.7    4539.2
199.9    4542.9
200.0    4546.6
200.2    4550.3
200.4    4553.9
200.6    4557.6
200.7    4561.2
200.9    4564.9
201.1    4568.5
201.3    4572.1
201.4    4575.7
201.5    4575.7
201.7    4582.9
201.9    4586.4
202.0    4590.0
202.2    4593.5
202.4    4597.0
202.6    4600.5
202.7    4604.0
202.9    4607.5
203.0    4611.0
203.2    4614.4
203.3    4617.9
203.5    4621.3
203.7    4624.8
203.8    4628.2
204.0    4631.6
204.1    4631.6
204.3    4638.4
204.5    4641.7
204.6    4645.1
204.8    4648.4
204.9    4651.8
205.1    4655.1
205.2    4658.4
205.4    4661.7
205.5    4665.0
205.7    4668.3
205.8    4671.5
206.0    4674.8
206.1    4678.0
206.3    4681.3
206.4    4684.5
206.5    4684.5
206.7    4690.9
206.9    4694.1
207.0    4697.3
207.2    4700.4
207.3    4703.6
207.5    4706.7
207.6    4709.9
207.8    4713.0
207.9    4716.1
208.1    4719.2
208.2    4722.3
208.4    4725.4
208.5    4728.5
208.6    4731.5
208.8    4734.6
208.9    4737.6
209.0    4740.6
209.2    4743.7
209.3    4746.7
209.5    4749.7
209.6    4752.7
209.8    4755.6
209.9    4758.6
210.0    4761.5
210.2    4764.5
210.3    4767.4
210.4    4770.4
210.6    4773.3
210.7    4776.2
210.9    4779.1
211.0    4782.0
211.1    4784.8
211.2    4787.7
211.3    4790.6
211.5    4793.4
211.7    4796.3
211.8    4799.1
211.9    4801.9
212.0    4804.7
212.2    4807.5
212.3    4810.3
212.4    4813.1
212.5    4815.8
212.7    4818.6
212.8    4821.4
212.9    4824.1
213.0    4826.8
213.1    4826.8
213.3    4832.3
213.4    4835.0
213.5    4837.7
213.7    4840.4
213.8    4843.0
213.9    4845.7
214.0    4848.4
214.2    4851.0
214.3    4853.7
214.4    4856.3
214.5    4858.9
214.7    4861.5
214.8    4864.1
214.9    4866.7
215.0    4869.3
215.1    4869.3
215.2    4874.5
215.3    4877.0
215.5    4879.6
215.6    4882.1
215.7    4884.7
215.9    4887.2
215.9    4889.7
216.1    4892.2
216.2    4894.7
216.3    4897.2
216.4    4899.7
216.5    4902.2
216.6    4904.6
216.8    4907.1
216.9    4909.6
217.0    4912.0
217.1    4914.4
217.2    4916.8
217.3    4919.3
217.4    4921.7
217.5    4924.1
217.7    4926.5
217.8    4928.9
217.9    4931.2
218.0    4933.6
218.1    4935.9
218.2    4938.3
218.3    4940.6
218.4    4943.0
218.5    4945.3
218.6    4947.6
218.7    4947.6
218.8    4952.3
219.0    4954.6
219.1    4956.8
219.2    4959.1
219.3    4961.4
219.4    4963.7
219.5    4965.9
219.6    4968.2
219.7    4970.4
219.8    4972.6
219.9    4974.9
220.0    4977.1
220.1    4979.3
220.2    4981.5
220.3    4983.7
220.4    4983.7
220.5    4988.1
220.6    4990.3
220.7    4992.4
220.8    4994.6
220.9    4996.7
221.0    4998.9
221.1    5001.0
221.2    5003.1
221.3    5005.3
221.4    5007.4
221.5    5009.5
221.6    5011.6
221.7    5013.7
221.8    5015.8
221.9    5017.9
222.0    5017.9
222.1    5022.0
222.1    5024.1
222.3    5026.1
222.4    5028.2
222.4    5030.2
222.6    5032.2
222.6    5034.2
222.7    5036.3
222.8    5038.3
222.9    5040.3
223.0    5042.3
223.1    5044.3
223.2    5046.2
223.3    5048.2
223.4    5050.2
223.5    5052.1
223.6    5054.1
223.6    5054.1
223.7    5058.0
223.8    5059.9
223.9    5061.9
224.0    5063.8
224.1    5065.7
224.2    5067.6
224.3    5069.5
224.4    5071.4
224.4    5073.3
224.5    5075.2
224.6    5077.1
224.7    5078.9
224.8    5080.8
224.9    5082.6
225.0    5084.5
225.1    5086.3
225.1    5088.2
225.2    5090.0
225.3    5091.8
225.4    5093.7
225.5    5095.5
225.6    5097.3
225.6    5099.1
225.7    5100.9
225.8    5102.7
225.9    5104.5
226.0    5106.2
226.1    5108.0
226.1    5109.8
226.2    5111.5
226.3    5113.3
226.4    5113.3
226.5    5116.8
226.6    5118.5
226.6    5120.2
226.7    5122.0
226.8    5123.7
226.9    5125.4
226.9    5127.1
227.0    5128.8
227.1    5130.5
227.2    5132.2
227.2    5133.9
227.3    5135.5
227.4    5137.2
227.5    5138.9
227.6    5140.5
227.6    5142.2
227.7    5143.8
227.8    5145.5
227.9    5147.1
228.0    5148.7
228.0    5150.4
228.1    5152.0
228.2    5153.6
228.3    5155.2
228.3    5156.8
228.4    5158.4
228.5    5160.0
228.6    5161.6
228.6    5163.2
228.7    5164.7
228.8    5166.3
228.8    5167.9
228.9    5169.5
229.0    5171.0
229.1    5172.6
229.1    5174.1
229.2    5175.6
229.3    5177.2
229.3    5178.7
229.4    5180.2
229.5    5181.7
229.6    5183.2
229.6    5184.8
229.7    5186.3
229.8    5187.8
229.8    5189.2
229.9    5190.7
230.0    5192.2
230.0    5193.7
230.1    5195.2
230.2    5196.6
230.3    5198.1
230.3    5199.6
230.4    5201.0
230.4    5202.4
230.5    5203.9
230.6    5205.3
230.7    5206.8
230.7    5208.2
230.8    5209.6
230.8    5211.0
230.9    5212.4
231.0    5213.8
231.0    5215.2
231.1    5216.6
231.2    5218.0
231.2    5219.4
231.3    5220.8
231.4    5222.2
231.4    5223.6
231.5    5224.9
231.6    5226.3
231.6    5227.7
231.7    5229.0
231.7    5230.4
231.8    5231.7
231.9    5233.0
231.9    5234.4
232.0    5235.7
232.0    5237.0
232.1    5238.4
232.2    5239.7
232.2    5241.0
232.3    5242.3
232.4    5243.6
232.4    5244.9
232.5    5246.2
232.5    5247.5
232.6    5248.8
232.7    5250.1
232.7    5251.4
232.8    5252.6
232.8    5253.9
232.9    5255.2
232.9    5256.4
233.0    5257.7
233.1    5258.9
233.1    5260.2
233.2    5261.4
233.2    5262.7
233.3    5263.9
233.4    5265.1
233.4    5266.4
233.5    5267.6
233.5    5268.8
233.6    5270.0
233.6    5271.2
233.7    5272.4
233.7    5273.6
233.8    5274.8
233.9    5276.0
233.9    5277.2
234.0    5278.4
234.0    5279.6
234.1    5280.8
234.1    5281.9
234.2    5283.1
234.2    5284.3
234.3    5285.4
234.4    5286.6
234.4    5287.7
234.5    5288.9
234.5    5290.0
234.6    5291.2
234.6    5292.3
234.7    5293.5
234.7    5294.6
234.8    5295.7
234.8    5296.8
234.9    5298.0
234.9    5299.1
235.0    5300.2
235.0    5301.3
235.1    5302.4
235.1    5303.5
235.2    5304.6
235.2    5305.7
235.3    5306.8
235.3    5307.9
235.4    5308.9
235.4    5310.0
235.5    5311.1
235.5    5312.2
235.6    5313.2
235.6    5314.3
235.7    5315.3
235.7    5316.4
235.8    5317.5
235.8    5318.5
235.9    5319.5
235.9    5320.6
236.0    5321.6
236.0    5322.7
236.1    5323.7
236.1    5324.7
236.2    5325.7
236.2    5326.8
236.3    5327.8
236.3    5328.8
236.3    5329.8
236.4    5330.8
236.4    5331.8
236.5    5332.8
236.5    5333.8
236.6    5334.8
236.6    5335.8
236.7    5336.8
236.7    5337.8
236.8    5338.7
236.8    5339.7
236.8    5340.7
236.9    5341.7
236.9    5342.6
237.0    5343.6
237.0    5344.5
237.1    5345.5
237.1    5346.5
237.1    5347.4
237.2    5348.3
237.3    5349.3
237.3    5350.2
237.3    5351.2
237.4    5352.1
237.4    5353.0
237.5    5354.0
237.5    5354.9
237.5    5355.8
237.6    5356.7
237.6    5357.6
237.7    5358.5
237.7    5359.5
