 20.0
 20.0
 20.1
 20.4
 20.7
 21.2
 21.7
 22.2
 22.8
 23.4
 24.2
 24.9
 25.8
 26.7
 27.6
 28.6
 29.6
 30.7
 31.9
 33.0
 34.2
 35.4
 36.7
 38.0
 39.3
 40.7
 42.1
 43.6
 44.9
 46.4
 47.9
 49.4
 50.9
 52.5
 54.1
 55.6
 57.2
 58.7
 60.3
 61.9
 63.6
 65.2
 66.7
 68.3
 69.9
 71.5
 73.1
 74.7
 76.2
 77.7
 79.3
 80.8
 82.3
 83.8
 85.3
 86.8
 88.2
 89.7
 91.1
 92.5
 93.9
 95.2
 96.6
 97.9
 99.2
100.4
101.6
102.8
104.0
105.2
106.3
107.4
108.4
109.5
110.5
111.4
112.4
113.3
114.2
115.0
115.8
116.6
117.4
118.1
118.8
119.4
120.0
120.6
121.2
121.7
122.2
122.7
123.1
123.5
123.9
124.3
124.6
124.9
125.1
125.3
125.5
125.7
125.9
126.0
126.1
126.1
126.2
126.2
126.2
126.1
126.1
126.0
125.9
125.8
125.6
125.4
125.2
125.0
124.8
124.6
124.3
124.0
123.7
123.4
123.0
122.7
122.3
122.0
121.6
121.2
120.8
120.3
119.9
119.5
119.0
118.6
118.1
117.6
117.1
116.6
116.1
115.6
115.1
114.6
114.1
113.6
113.1
112.6
112.1
111.5
111.0
110.5
110.0
109.5
108.9
108.4
107.9
107.4
106.9
106.4
105.9
105.4
105.0
104.4
104.0
103.5
103.0
102.6
102.1
101.7
101.3
100.8
100.4
100.0
 99.6
 99.2
 98.8
 98.4
 98.1
 97.7
 97.4
 97.0
 96.7
 96.4
 96.1
 95.8
 95.5
 95.2
 94.9
 94.7
 94.4
 94.2
 94.0
 93.7
 93.5
 93.3
 93.2
 93.0
 92.8
 92.7
 92.5
 92.4
 92.3
 92.1
 92.0
 91.9
 91.8
 91.8
 91.7
 91.6
 91.6
 91.6
 91.5
 91.5
 91.5
 91.5
 91.5
 91.5
 91.5
 91.5
 91.6
 91.6
 91.6
 91.7
 91.8
 91.8
 91.9
 92.0
 92.1
 92.2
 92.2
 92.3
 92.5
 92.6
 92.7
 92.8
 92.9
 93.1
 93.2
 93.3
 93.5
 93.6
 93.8
 93.9
 94.1
 94.2
 94.4
 94.5
 94.7
 94.8
 95.0
 95.2
 95.3
 95.5
 95.7
 95.8
 96.0
 96.2
 96.4
 96.5
 96.7
 96.9
 97.0
 97.2
 97.4
 97.5
 97.7
 97.9
 98.0
 98.2
 98.3
 98.5
 98.7
 98.8
 99.0
 99.1
 99.3
 99.4
 99.5
 99.7
 99.8
100.0
100.1
100.2
100.3
100.5
100.6
100.7
100.8
100.9
101.0
101.1
101.2
101.3
101.4
101.5
101.6
101.7
101.8
101.9
101.9
