 20.0
 20.0
 20.1
 20.4
 20.7
 21.1
 21.6
 22.1
 22.7
 23.3
 24.0
 24.8
 25.6
 26.5
 27.4
 28.4
 29.4
 30.5
 31.6
 32.8
 34.0
 35.3
 36.6
 37.9
 39.3
 40.7
 42.1
 43.6
 45.1
 46.6
 48.2
 49.8
 51.4
 53.1
 54.8
 56.5
 58.2
 60.0
 61.7
 63.5
 65.4
 67.2
 69.0
 70.9
 72.7
 74.6
 76.5
 78.4
 80.4
 82.3
 84.2
 86.1
 88.1
 90.1
 92.1
 94.0
 96.0
 98.0
100.0
102.0
103.9
106.0
107.9
109.9
111.9
113.8
115.7
117.7
119.6
121.6
123.5
125.5
127.3
129.2
131.1
133.1
134.9
136.8
138.6
140.5
142.3
144.1
145.9
147.7
149.5
151.2
153.1
154.8
156.5
158.2
159.9
161.5
163.1
164.8
166.4
168.0
169.5
171.1
172.5
174.1
175.6
177.0
178.4
179.8
181.3
182.7
184.1
185.4
186.7
188.0
189.3
190.6
191.8
193.0
194.2
195.4
196.5
197.7
198.8
199.8
200.9
201.9
203.0
204.0
204.9
205.9
206.8
207.7
208.6
209.5
210.3
211.2
212.0
212.8
213.5
214.3
214.9
215.6
216.3
217.0
217.6
218.2
218.8
219.4
220.0
220.6
221.1
221.6
222.0
222.5
223.0
223.4
223.8
224.2
224.6
224.9
225.3
225.6
225.9
226.2
226.5
226.8
227.0
227.2
227.4
227.6
227.8
228.0
228.1
228.3
228.4
228.5
228.6
228.7
228.7
228.8
228.8
228.9
228.9
228.9
228.9
228.9
228.8
228.8
228.8
228.7
228.6
228.5
228.5
228.3
228.2
228.1
228.0
227.9
227.7
227.6
227.4
227.2
227.1
226.9
226.7
226.5
226.3
226.1
225.8
225.6
225.4
225.2
224.9
224.7
224.4
224.2
223.9
223.6
223.4
223.1
222.8
222.5
222.3
222.0
221.7
221.4
221.1
220.8
220.5
220.2
219.9
219.6
219.3
219.0
218.7
218.3
218.0
217.7
217.4
217.1
216.8
216.5
216.2
215.8
215.5
215.2
214.9
214.6
214.2
213.9
213.6
213.3
213.0
212.7
212.4
212.0
211.7
211.4
211.1
210.8
210.5
210.2
209.9
209.6
209.3
209.0
208.8
208.5
208.2
207.9
207.6
207.3
207.1
206.8
206.5
206.3
206.0
205.7
205.5
205.2
205.0
204.7
204.5
204.2
204.0
203.8
203.5
203.3
203.1
202.9
202.6
202.4
202.2
202.0
201.8
201.6
201.4
201.2
201.0
200.8
200.6
200.4
200.3
200.1
199.9
